1.000000000000000048e-04
1.449740670372631627e-04
2.101748011332489163e-04
3.046989570903508226e-04
4.417344703140068654e-04
6.404004271197283197e-04
9.284145445194744509e-04
1.345960324155364221e-03
1.951293422635962246e-03
2.828869434625969678e-03
4.101127070551300463e-03
5.945570708544394879e-03
8.619535664753033219e-03
1.249609141291986754e-02
1.811609194200413178e-02
2.626363527653332794e-02
3.807546021222371624e-02
5.519954321281567156e-02
8.002502278161052751e-02
1.160155301739971417e-01
1.681924324880868793e-01
2.438354098268828984e-01
3.534981105030105542e-01
5.124805876960931705e-01
7.429639507594949510e-01
1.077105056036768982e+00
1.561523006000496538e+00
2.263803409521446319e+00
3.281927872511470667e+00
4.757944314009414200e+00
6.897785379387658011e+00
1.000000000000000000e+01
